00100011101111011111111111111100
10101111101111110000000000000000
10101100000000000000000000010100
00100000000000100000000000000100

00000000000000000000000000001100
00001100000000000000000000111011

10001100000010000000000000010100

10101100000000100000000000010100
00001000000000000000000000001101
10101110001000100000000000000000
00100000010100000000000000000000
00100000011100010000000000000000
00001000000000000000000000000011
10101110001000000000000000000000
00100000000100000000000000000000
10001100000010000000000000010100
10001101000010010000000001100100
10001101000010100000000001101000

10001101010010110000000001100100

00100000000100000000000000000001
10001101010011000000000001101000
10101100000010100000000000010100
10101101000011000000000001101000
10101101010010000000000001101000
10001100000010000000000000010100
10001101000010010000000001101000
10001101001010100000000001100100
10001101001010110000000001101000

10001101011011000000000001100100

00100000000100000000000000000001
10001101011011010000000001101000
10101101000010110000000001101000
10101101011010010000000001101000
10101101001011010000000001101000
10001101000010000000000001101000
00001000000000000000000000011110

10001100000010000000000000010100
00100000000000100000000000000100
00100001000001000000000000000000
00000000000000000000000000001100
00100000000000100000000000000001
10001101000001000000000001100100
00000000000000000000000000001100
00100000000000100000000000000100

00000000000000000000000000001100
10001101000010000000000001101000

10001111101111110000000000000000
00100011101111010000000000000100
00000011111000000000000000001000
00100011101111011111111111111000
10101111101111110000000000000000
10101111101100000000000000000100
00100000000000100000000000001001
00100000000001000000000001101100
00000000000000000000000000001100
00100000010100000000000000000000
00100000000000100000000000001000
00100010000001000000000000000000
00100000000001010000000001100100
00000000000000000000000000001100
00001100000000000000000001011101
00100000000010010000000000000001
00010000010010010000000000010000
00001100000000000000000001100001
00100000000000100000000000000101
00000000000000000000000000001100
00100000010010000000000000000000
00100000000000100000000000000101
00000000000000000000000000001100
00000001000000100100000000100010
10101110000010000000000001100100
00100010000000100000000000000000
00100010000000110000000001101000
10001111101111110000000000000000
10001111101100000000000000000100
00100011101111010000000000001000
00000011111000000000000000001000
00100000000000100000000000000000
00100000000000110000000000000000
10001111101111110000000000000000
10001111101100000000000000000100
00100011101111010000000000001000
00000011111000000000000000001000
10001100100010000000000000000000
10001100000010010000000000011000

00000011111000000000000000001000
00100000000110010000000000001010
10000000100010000000000000000000
00010001000110010000000000000100
00100000100001000000000000000001
00001000000000000000000001100001
00100000000110010000000000100000
10100000100110010000000000000000
00000011111000000000000000001000
00100000000000100000000000001010
00000000000000000000000000001100
